[((120, 350), (239, 469)), ((555, 454), (629, 528))]
[((120, 350), (239, 469)), ((555, 454), (629, 528))]
[((120, 350), (239, 470)), ((740, 350), (814, 424)), ((555, 454), (629, 528))]
[((120, 350), (239, 469)), ((720, 350), (814, 439)), ((900, 350), (1019, 469)), ((540, 443), (629, 532))]
[((720, 350), (809, 439)), ((900, 350), (1019, 469)), ((1184, 402), (1258, 476))]
[((900, 350), (1019, 469)), ((540, 443), (629, 532))]
[((900, 412), (989, 501)), ((540, 443), (629, 532))]
[((1020, 350), (1139, 469)), ((540, 443), (629, 532))]
[((540, 443), (629, 532))]
[((814, 350), (888, 424)), ((90, 381), (179, 470)), ((540, 443), (629, 532))]
[((814, 350), (888, 424)), ((962, 376), (1036, 450)), ((90, 381), (179, 470)), ((540, 443), (629, 532))]
[((540, 434), (659, 553))]
[((120, 350), (239, 469)), ((1140, 392), (1259, 511)), ((540, 443), (629, 532))]
[((925, 350), (1079, 476)), ((540, 443), (629, 532))]
[((960, 350), (1079, 469))]
[((960, 350), (1079, 469)), ((675, 381), (764, 470)), ((420, 581), (479, 640))]
[((960, 350), (1124, 470))]
[]
[((1020, 350), (1139, 469))]
[((1020, 350), (1139, 469))]
[((1020, 350), (1139, 469)), ((0, 392), (119, 511))]
[((1080, 412), (1169, 501))]
